9.829093933105469
7.956259727478027
13.296014785766602
6.434488296508789
5.24921178817749
4.619347095489502
4.446974277496338
4.362743854522705
4.3648152351379395
4.4047465324401855
4.36445951461792
4.38641881942749
4.396883487701416
4.321867942810059
4.345345497131348
4.332142353057861
4.329194068908691
4.328945636749268
4.349152088165283
4.3443284034729
4.303419589996338
4.325194835662842
4.30443000793457
4.323030471801758
4.279064655303955
4.2820234298706055
4.300356864929199
4.252232551574707
4.275784492492676
4.3152923583984375
4.2523393630981445
4.268968105316162
4.274410247802734
4.236581325531006
4.2819013595581055
4.266047954559326
4.244575500488281
4.315037250518799
4.233340740203857
4.194851875305176
4.291596412658691
4.225606441497803
4.212250232696533
4.228619575500488
4.157474994659424
4.245834827423096
4.251927852630615
4.2203593254089355
4.15706729888916
4.135214805603027
4.240948677062988
4.178109645843506
4.170876979827881
4.216439723968506
4.214267730712891
4.154582500457764
4.234711170196533
4.14413595199585
4.1676716804504395
4.190928936004639
4.101940155029297
4.188596248626709
4.151731014251709
4.184326648712158
4.154378414154053
4.128162860870361
4.129576683044434
4.150734901428223
4.100564956665039
4.142419338226318
4.157283782958984
4.142941951751709
4.139024257659912
4.115728855133057
4.102445602416992
4.10286283493042
4.100887775421143
4.112567901611328
4.106230735778809
4.087472915649414
4.077812671661377
4.057278633117676
4.112242698669434
4.081303119659424
4.088295936584473
4.12529182434082
4.119804859161377
4.099946975708008
4.087657451629639
4.056367874145508
4.093947410583496
4.080754280090332
4.006929874420166
4.055140018463135
4.039974689483643
4.014746189117432
4.047293186187744
4.060185432434082
4.062624454498291
4.020534515380859
4.025627136230469
3.9992473125457764
4.061320781707764
4.085683822631836
4.0161027908325195
3.9906444549560547
4.027984619140625
4.013140678405762
3.9911556243896484
4.018551826477051
3.928072214126587
3.9578089714050293
3.9982213973999023
4.018375396728516
4.004976272583008
4.007084369659424
3.965113639831543
3.965346336364746
3.9503583908081055
3.9258317947387695
3.9254066944122314
3.872410774230957
3.962625741958618
3.890545129776001
3.8847219944000244
3.9406237602233887
3.9312996864318848
3.8874285221099854
3.8570375442504883
3.8650500774383545
3.889504909515381
3.927581548690796
3.8764736652374268
3.8795816898345947
3.9381263256073
3.8684511184692383
3.8351340293884277
3.8396222591400146
3.776618242263794
3.7998030185699463
3.8061633110046387
3.764005661010742
3.8181400299072266
3.765859603881836
3.8069071769714355
3.742851972579956
3.746694803237915
3.762312412261963
3.736570358276367
3.715933322906494
3.7462949752807617
3.654273748397827
3.6660876274108887
3.7105932235717773
3.7319133281707764
3.69553542137146
3.5756337642669678
3.6335861682891846
3.635382890701294
3.7421984672546387
3.6501054763793945
3.647331476211548
3.580104112625122
3.5316665172576904
3.621535539627075
3.5848283767700195
3.553725004196167
3.5797319412231445
3.5088951587677
3.5432658195495605
3.528627872467041
3.501539707183838
3.6517550945281982
3.460089921951294
3.549258232116699
3.581653356552124
3.5573787689208984
3.4967849254608154
3.519940137863159
3.5469248294830322
3.4851598739624023
3.48988938331604
3.512768507003784
3.457531452178955
3.527954339981079
3.469989061355591
3.4696269035339355
3.3946340084075928
3.3693370819091797
3.4752957820892334
3.409208059310913
3.3841757774353027
3.395029067993164
3.332451581954956
3.372098684310913
3.380734443664551
3.307492733001709
3.4354090690612793
3.312614679336548
3.366119384765625
3.3856360912323
3.2167840003967285
3.407158613204956
3.2494125366210938
3.27705454826355
3.339442729949951
3.3388137817382812
3.342071533203125
3.3423943519592285
3.406456232070923
3.2622430324554443
3.3473665714263916
3.312316417694092
3.284749746322632
3.2643051147460938
3.2623913288116455
3.2151010036468506
3.1794724464416504
3.2905490398406982
3.188628911972046
3.154022455215454
3.1672654151916504
3.23038387298584
3.1465365886688232
3.2539567947387695
3.2427597045898438
3.2528698444366455
3.1645686626434326
3.241344690322876
3.1771841049194336
3.161378860473633
3.16198468208313
3.1545004844665527
3.206364631652832
3.048583745956421
3.0815136432647705
3.101520538330078
3.2589454650878906
3.122321605682373
3.118781328201294
3.019960403442383
3.059924364089966
3.0390303134918213
3.069892168045044
3.1218340396881104
2.9564285278320312
3.104706287384033
3.079671859741211
3.053347110748291
3.0120503902435303
2.92275333404541
2.974238634109497
2.923576593399048
2.8797430992126465
2.936574697494507
2.93304443359375
3.0924129486083984
2.975019931793213
2.996089458465576
3.027462959289551
2.9019792079925537
2.954698324203491
3.0300276279449463
2.940746784210205
3.0346686840057373
3.0311574935913086
2.9021615982055664
2.945114850997925
3.038038492202759
2.9828455448150635
2.967247724533081
2.914405107498169
2.9063050746917725
2.9199740886688232
2.9823076725006104
2.7393929958343506
3.089972734451294
2.910304069519043
2.9792659282684326
2.9017484188079834
2.891024589538574
2.834760904312134
2.952986240386963
2.7826173305511475
2.760176658630371
2.823662519454956
2.7054028511047363
2.945772409439087
2.856797695159912
2.852276086807251
2.8443963527679443
2.8109638690948486
2.8220503330230713
2.831271171569824
2.6949424743652344
2.8070976734161377
2.765801429748535
2.7572102546691895
2.7098822593688965
2.7772059440612793
2.6862375736236572
2.731505870819092
2.6450345516204834
2.72489333152771
2.6664507389068604
2.708791494369507
2.6566002368927
2.7013297080993652
2.586158275604248
2.732870101928711
2.667304039001465
2.6063568592071533
2.6187875270843506
2.650947332382202
2.587742567062378
2.628267526626587
2.5434608459472656
2.6844217777252197
2.620779275894165
2.513866424560547
2.5099968910217285
2.635708808898926
2.4963576793670654
2.5424673557281494
2.5591678619384766
2.53737211227417
2.5905420780181885
2.5676345825195312
2.539778232574463
2.4890005588531494
2.5636487007141113
2.5132675170898438
2.3639302253723145
2.398386240005493
2.3155977725982666
2.404167652130127
2.3882529735565186
2.379356622695923
2.446889638900757
2.305147409439087
2.453322410583496
2.3655171394348145
2.374027729034424
2.413003444671631
2.3956069946289062
2.2927372455596924
2.362238883972168
2.407611608505249
2.4562151432037354
2.450416326522827
2.4732372760772705
2.3802685737609863
2.2940011024475098
2.25046443939209
2.364806890487671
2.305551767349243
2.3298356533050537
2.3657047748565674
2.258026599884033
2.3626973628997803
2.278867244720459
2.2756214141845703
2.2857816219329834
2.3007800579071045
2.331150770187378
2.2171132564544678
2.250382661819458
2.2976253032684326
2.1956381797790527
2.241990804672241
2.1621670722961426
2.079728126525879
2.1848883628845215
2.196972608566284
2.2026121616363525
2.254593849182129
2.1272523403167725
2.1902856826782227
2.142690420150757
2.0957813262939453
2.0638022422790527
2.2420122623443604
2.1359243392944336
2.1248888969421387
2.0253586769104004
2.186392307281494
1.9441436529159546
2.2475578784942627
2.134206771850586
2.174001455307007
2.1189186573028564
2.0307092666625977
2.100456714630127
2.1218488216400146
2.2472424507141113
2.057987928390503
2.132875442504883
2.1188411712646484
1.9574685096740723
1.9743294715881348
2.0059049129486084
2.079195499420166
2.0166170597076416
2.064344644546509
2.0896918773651123
2.084671974182129
2.065171241760254
1.9358162879943848
1.98367440700531
1.927423119544983
2.018909215927124
1.9453423023223877
1.9086569547653198
1.9695544242858887
1.9672337770462036
1.89176607131958
2.0505590438842773
1.8875467777252197
1.8896167278289795
1.8737305402755737
1.8876316547393799
1.9297524690628052
1.8182034492492676
1.873226523399353
1.9353808164596558
1.9765948057174683
1.8955858945846558
1.8800740242004395
1.8360507488250732
1.8741798400878906
1.759831190109253
1.8250781297683716
1.9694743156433105
1.8477065563201904
1.8172600269317627
1.9491541385650635
1.8205134868621826
1.8759063482284546
1.7940176725387573
1.8051764965057373
1.8924394845962524
1.7933939695358276
1.8370225429534912
1.8151742219924927
1.87613046169281
1.8953062295913696
1.861994743347168
1.8112108707427979
1.6723911762237549
1.9027903079986572
1.8043200969696045
1.7778197526931763
1.693053960800171
1.686142921447754
1.8123663663864136
1.8306119441986084
1.7850755453109741
1.738692045211792
1.8232932090759277
1.7230558395385742
1.749455213546753
1.6780242919921875
1.847609043121338
1.6527243852615356
1.781315803527832
1.7085074186325073
1.65237557888031
1.7791637182235718
1.6805018186569214
1.6593682765960693
1.8669475317001343
1.5700578689575195
1.6584805250167847
1.747951865196228
1.5793641805648804
1.6735904216766357
1.6713311672210693
1.6215003728866577
1.48143470287323
1.7099274396896362
1.763711929321289
1.6767293214797974
1.7808524370193481
1.5516443252563477
1.608295202255249
1.535211205482483
1.5726289749145508
1.4965107440948486
1.566390037536621
1.5542497634887695
1.4506314992904663
1.527765154838562
1.5241920948028564
1.577054738998413
1.4657868146896362
1.5361459255218506
1.5396541357040405
1.5289291143417358
1.5305681228637695
1.5647671222686768
1.4554283618927002
1.4464651346206665
1.4703617095947266
1.5412991046905518
1.3969050645828247
1.525760293006897
1.434200644493103
1.4240026473999023
1.3929438591003418
1.4884076118469238
1.6177512407302856
1.5037345886230469
1.4508907794952393
1.4175316095352173
1.3672757148742676
1.5292818546295166
1.435633659362793
1.4383653402328491
1.4867092370986938
1.411408543586731
1.4316402673721313
1.4520142078399658
1.4489129781723022
1.4018585681915283
1.4510561227798462
1.4860045909881592
1.3507840633392334
1.4112958908081055
1.3780766725540161
1.4558805227279663
1.4680484533309937
1.4273629188537598
1.5313546657562256
1.4299551248550415
1.4763833284378052
1.4107298851013184
1.4337115287780762
1.459022879600525
1.5344107151031494
1.5382074117660522
1.2730867862701416
1.4951684474945068
1.3717700242996216
1.3513702154159546
1.4379383325576782
1.3992565870285034
1.4202945232391357
1.453007459640503
1.4217783212661743
1.3717803955078125
1.3950151205062866
1.4093419313430786
1.3332253694534302
1.4425245523452759
1.4551827907562256
1.3829044103622437
1.5450633764266968
1.4221575260162354
1.38080894947052
1.3959710597991943
1.4118562936782837
1.4138685464859009
1.389302372932434
1.4462741613388062
1.341140627861023
1.4220162630081177
1.3691219091415405
1.4116154909133911
1.431997299194336
1.3728551864624023
1.4526104927062988
1.40052330493927
1.3822135925292969
1.3389133214950562
1.3165773153305054
1.4034231901168823
1.3092812299728394
1.3742812871932983
1.4385497570037842
1.315633773803711
1.3828916549682617
1.4593604803085327
1.3779956102371216
1.4427075386047363
1.3973835706710815
1.429398775100708
1.3847140073776245
1.3408312797546387
1.4737765789031982
1.2809480428695679
1.3131123781204224
1.4712629318237305
1.4308232069015503
1.4010257720947266
1.495073676109314
1.3615375757217407
1.332888126373291
1.2868975400924683
1.4683881998062134
1.4343527555465698
1.4465173482894897
1.3186898231506348
1.3221749067306519
1.386094331741333
1.4408009052276611
1.3489234447479248
1.3576686382293701
1.3226070404052734
1.290856122970581
1.254325270652771
1.332519769668579
1.3709893226623535
1.442992925643921
1.3832194805145264
1.3331431150436401
1.3404597043991089
1.4066253900527954
1.2734391689300537
1.3552641868591309
1.4558600187301636
1.3955657482147217
1.3877495527267456
1.367553472518921
1.371307134628296
1.421466588973999
1.3897688388824463
1.3138659000396729
1.3796693086624146
1.3316057920455933
1.3160593509674072
1.3732097148895264
1.3637179136276245
1.3845465183258057
1.3823655843734741
1.284040093421936
1.3918263912200928
1.2885029315948486
1.3214248418807983
1.3823950290679932
1.2716861963272095
1.3089940547943115
1.2356804609298706
1.3352298736572266
1.3600107431411743
1.291736125946045
1.3103257417678833
1.3781875371932983
1.2289972305297852
1.3520828485488892
1.2881114482879639
1.2664668560028076
1.3374396562576294
1.369840383529663
1.3018276691436768
1.254241704940796
1.2782971858978271
1.299138069152832
1.3266453742980957
1.308152675628662
1.2965137958526611
1.3256494998931885
1.3390867710113525
1.3027254343032837
1.3532880544662476
1.3246203660964966
1.3216378688812256
1.2800078392028809
1.279140830039978
1.2579084634780884
1.3943554162979126
1.3107701539993286
1.3105162382125854
1.2353856563568115
1.2188050746917725
1.2513943910598755
1.2358592748641968
1.3403733968734741
1.3361972570419312
1.3255717754364014
1.3257139921188354
1.1849448680877686
1.3023780584335327
1.2759644985198975
1.2559080123901367
1.3024301528930664
1.3647304773330688
1.2382042407989502
1.2324689626693726
1.2909551858901978
1.2214891910552979
1.2894691228866577
1.2226804494857788
1.3094196319580078
1.278099775314331
1.2466530799865723
1.2207317352294922
1.254932165145874
1.3120473623275757
1.2067643404006958
1.331648588180542
1.375244140625
1.2830523252487183
1.3163809776306152
1.3962713479995728
1.3408523797988892
1.3304469585418701
1.3276917934417725
1.247790813446045
1.2581439018249512
1.2607507705688477
1.257293462753296
1.1830981969833374
1.2407855987548828
1.2866828441619873
1.2149769067764282
1.272857904434204
1.2791767120361328
1.2316503524780273
1.21537446975708
1.2029039859771729
1.2622653245925903
1.31078040599823
1.4029533863067627
1.226341724395752
1.2792549133300781
1.2704801559448242
1.2601274251937866
1.2190053462982178
1.1719400882720947
1.2406011819839478
1.247524619102478
1.1914907693862915
1.1855378150939941
1.2105987071990967
1.2201948165893555
1.2312500476837158
1.1971791982650757
1.2154452800750732
1.244637131690979
1.216147780418396
1.184731364250183
1.1605284214019775
1.2622088193893433
1.1717455387115479
1.2663459777832031
1.1558729410171509
1.2446271181106567
1.1731816530227661
1.285864233970642
1.209099531173706
1.1775113344192505
1.2375340461730957
1.2074592113494873
1.2133469581604004
1.2007321119308472
1.1257684230804443
1.1842765808105469
1.359053134918213
1.2585570812225342
1.1862965822219849
1.1978132724761963
1.1276683807373047
1.2627201080322266
1.1892390251159668
1.1993553638458252
1.1768467426300049
1.1767621040344238
1.1892565488815308
1.2798231840133667
1.2091448307037354
1.1776751279830933
1.1788920164108276
1.1478091478347778
1.2213726043701172
1.157889723777771
1.1680124998092651
1.11691153049469
1.1159025430679321
1.2372092008590698
1.1372088193893433
1.1924006938934326
1.1531540155410767
1.169927716255188
1.205025315284729
1.1677099466323853
1.2165560722351074
1.1904526948928833
1.188075304031372
1.1606431007385254
1.1848160028457642
1.1973854303359985
1.1761888265609741
1.1823980808258057
1.1682294607162476
1.1178686618804932
1.201216220855713
1.2018629312515259
1.0997549295425415
1.2946569919586182
1.1237660646438599
1.2738608121871948
1.2333353757858276
1.2206199169158936
1.0948914289474487
1.217815637588501
1.2339940071105957
1.175140380859375
1.1061171293258667
1.1414670944213867
1.2852928638458252
1.1362860202789307
1.1425611972808838
1.1797443628311157
1.1494613885879517
1.1887911558151245
1.1465809345245361
1.1243501901626587
1.2050285339355469
1.176340937614441
1.123909592628479
1.1656831502914429
1.2275108098983765
1.207659125328064
1.2316299676895142
1.1558724641799927
1.192233681678772
1.113186001777649
1.1640690565109253
1.0407369136810303
1.165602207183838
1.159876823425293
1.2493089437484741
1.0894521474838257
1.2130423784255981
1.2400832176208496
1.1485346555709839
1.1901429891586304
1.224134922027588
1.1543911695480347
1.2389376163482666
1.1222865581512451
1.1664950847625732
1.2105742692947388
1.0550158023834229
1.2288086414337158
1.1539562940597534
1.213889718055725
1.0570323467254639
1.1855019330978394
1.108209490776062
1.1220483779907227
1.1189900636672974
1.0960447788238525
1.0811119079589844
1.0957651138305664
1.1462247371673584
1.0464025735855103
1.1163678169250488
1.1166514158248901
1.1075586080551147
1.0076481103897095
1.1070410013198853
1.214302897453308
1.1255230903625488
1.1360307931900024
1.1580524444580078
1.1089612245559692
1.0606569051742554
1.1437591314315796
1.1475739479064941
1.1182196140289307
1.027381181716919
1.0586555004119873
1.0968244075775146
1.1259706020355225
1.0457032918930054
1.1741384267807007
1.1226818561553955
1.1208934783935547
1.1361182928085327
1.1476335525512695
1.0539007186889648
1.1145579814910889
1.0864355564117432
1.1917858123779297
1.1015108823776245
1.1021167039871216
1.0256909132003784
1.0556118488311768
1.0648632049560547
1.073462724685669
1.075867772102356
1.0170542001724243
1.1052731275558472
1.0899291038513184
1.1062662601470947
1.1211515665054321
1.0149239301681519
1.1232186555862427
1.061791181564331
1.0974725484848022
1.0523648262023926
1.146830677986145
1.1224697828292847
1.0639188289642334
1.1348671913146973
0.9888356924057007
1.0698989629745483
1.045979380607605
1.0619643926620483
1.086811900138855
1.0348000526428223
1.1156272888183594
0.9517900347709656
1.1116316318511963
1.1115379333496094
1.0573800802230835
1.0710028409957886
0.9734635353088379
1.0694931745529175
0.9893876910209656
1.0423765182495117
1.0378025770187378
1.0949373245239258
1.0373433828353882
1.0471469163894653
1.0478867292404175
1.0252928733825684
1.1449382305145264
1.0529488325119019
0.971643328666687
1.1799558401107788
0.9774644374847412
1.0395700931549072
1.0902801752090454
1.1929336786270142
1.1535941362380981
1.0694117546081543
0.9796677231788635
1.034457802772522
1.1430598497390747
1.0603455305099487
0.9785023331642151
1.0413000583648682
1.0394083261489868
1.0155048370361328
1.02446711063385
1.0575271844863892
1.044716477394104
1.1308575868606567
1.1019638776779175
1.1097619533538818
1.0240603685379028
1.0700238943099976
1.0205702781677246
0.9960991144180298
1.0893175601959229
1.0084686279296875
1.061360239982605
1.0032680034637451
1.1087583303451538
0.9993639588356018
1.1132056713104248
1.0495415925979614
1.0686407089233398
1.0353776216506958
1.0071989297866821
1.041262149810791
0.960427463054657
0.9297089576721191
0.9869006872177124
0.9988374710083008
0.9672873616218567
0.9471757411956787
0.9722457528114319
1.0315738916397095
0.9467611312866211
1.011805534362793
1.0355215072631836
0.9272432923316956
0.9984560012817383
1.0331083536148071
1.0078837871551514
1.0439631938934326
0.9936378598213196
1.0392833948135376
1.031633734703064
1.0552515983581543
0.9619999527931213
1.0664788484573364
0.9797613620758057
1.0180892944335938
0.9856255650520325
0.9499018788337708
0.9155669212341309
1.00668203830719
1.0090535879135132
1.0359209775924683
0.9445513486862183
0.8948090076446533
0.9800986051559448
1.0389350652694702
1.0318416357040405
1.0618760585784912
1.0055501461029053
1.083227515220642
0.9562332034111023
0.994423508644104
0.9737891554832458
1.0763194561004639
1.0927226543426514
1.0142419338226318
0.9368303418159485
0.9455243349075317
1.0774383544921875
1.006494402885437
0.9728430509567261
0.9649575352668762
0.9506064057350159
0.9749369621276855
1.0456116199493408
0.9504619836807251
0.9290120005607605
1.0019395351409912
1.0270531177520752
0.958339273929596
0.9485109448432922
0.9568063020706177
0.9145773649215698
1.0304993391036987
0.9590310454368591
0.9075638055801392
1.0318952798843384
0.9393951892852783
0.9629366397857666
1.0212562084197998
1.0297057628631592
0.9024389386177063
1.086323857307434
0.9775010347366333
1.0555930137634277
1.00770902633667
0.9682438373565674
1.0134927034378052
0.8915358781814575
1.0764864683151245
1.0141242742538452
1.0330349206924438
0.9308120012283325
0.9232386946678162
0.9332113265991211
0.9693088531494141
1.0477616786956787
0.9530488848686218
0.9534015655517578
0.9837486147880554
1.0722315311431885
1.0002440214157104
0.9257166981697083
0.9837756752967834
1.0649778842926025
0.9464690685272217
1.0133227109909058
0.9912012815475464
1.0036036968231201
1.0058951377868652
1.0491994619369507
0.966612696647644
0.9890632033348083
0.971258282661438
1.0245550870895386
0.9742523431777954
1.001643419265747
1.0291029214859009
0.9946123361587524
1.0004057884216309
0.9751903414726257
0.9690329432487488
0.9376451969146729
0.9851656556129456
1.0197439193725586
1.0072941780090332
0.9859515428543091
1.0173015594482422
0.9959360957145691
1.0294209718704224
0.9789921045303345
1.0150392055511475
0.9933562278747559
0.9789289236068726
0.9264664649963379
0.9825111627578735
0.9472907185554504
1.0007284879684448
0.9287629723548889
0.9733684659004211
0.9851378798484802
0.9340142011642456
1.005151629447937
0.985512912273407
0.9857736229896545
0.9418473839759827
0.9553235769271851
0.91249018907547
1.006576657295227
0.8887379169464111
1.0088820457458496
0.9982317090034485
0.9272381067276001
0.9948549270629883
1.0041226148605347
0.9630759954452515
0.9302884340286255
1.0298923254013062
1.0332989692687988
0.959124743938446
0.9291817545890808
0.9500489830970764
0.8925939202308655
1.0841975212097168
0.9464901685714722
0.969226598739624
0.963200569152832
0.9398234486579895
0.9924705028533936
0.9756020307540894
0.958499014377594
1.073976993560791
0.9871987700462341
1.014992117881775
1.0329612493515015
0.9556828141212463
0.9925527572631836
1.0345479249954224
0.9395212531089783
0.9474332332611084
0.9286832213401794
0.9133007526397705
1.0359139442443848
0.9636876583099365
0.9758195281028748
1.0013967752456665
1.0000369548797607
0.94016432762146
0.955428421497345
0.9826720952987671
1.00365149974823
1.0441474914550781
0.9262568950653076
0.9153450131416321
0.945573627948761
0.9293130040168762
0.9468268752098083
0.9590393304824829
1.032315731048584
0.9459196925163269
1.0319316387176514
1.015777349472046
0.9423711895942688
1.0340818166732788
1.013546347618103
0.9981297254562378
0.9345634579658508
0.8610308170318604
0.9970619678497314
0.9721461534500122
0.8628768920898438
1.0126187801361084
0.9704996347427368
1.0264780521392822
0.9412569999694824
0.984171986579895
1.0214496850967407
1.000807523727417
1.101120114326477
0.9004591703414917
0.9661031365394592
1.0324883460998535
0.8945416808128357
1.0305492877960205
0.9416915774345398
1.045836329460144
0.9496171474456787
0.9566245079040527
0.9154734015464783
0.8794368505477905
0.9530526995658875
0.9965234994888306
0.9397667646408081
0.8951273560523987
1.0017039775848389
0.9485688805580139
0.8977431058883667
0.9463223218917847
0.9179020524024963
0.9346440434455872
1.007009506225586
0.9464824795722961
0.9279093146324158
1.0079323053359985
0.9494539499282837
0.9267686009407043
1.0060862302780151
0.9808377623558044
0.9596688747406006
0.9625978469848633
1.0005412101745605
1.0058815479278564
0.8997886180877686
0.9845082759857178
1.0355498790740967
0.9711248874664307
1.061146855354309
0.9491077661514282
1.0150121450424194
0.9319297671318054
0.9693933129310608
0.8652157783508301
1.0318727493286133
0.9894911646842957
0.9477426409721375
0.9228151440620422
0.9133220314979553
1.0146708488464355
0.9874515533447266
0.9456402659416199
1.0476526021957397
1.003598928451538
0.898114025592804
0.9438125491142273
0.954024076461792
0.916435718536377
1.0025417804718018
0.9434078931808472
0.9752342104911804
0.9230174422264099
0.9695544838905334
0.9645947217941284
1.007968783378601
0.9893007278442383
0.9355979561805725
1.027138352394104
0.9871860146522522
1.0260008573532104
0.8763968348503113
0.9376044273376465
0.989557147026062
0.9957922101020813
0.9518717527389526
0.9138354063034058
0.9722317457199097
1.03842031955719
0.9646117687225342
0.9196008443832397
1.0381401777267456
0.9701540470123291
0.9383085370063782
1.0290579795837402
0.8557319045066833
0.9722998738288879
0.9243496656417847
1.0024735927581787
0.9723992347717285
1.0524218082427979
0.9818864464759827
0.9378201365470886
1.0121142864227295
0.9602147340774536
0.9061141014099121
0.94745272397995
0.9270102381706238
0.9735355377197266
0.9346771836280823
0.9168475866317749
0.9905059337615967
0.952591598033905
1.0339986085891724
0.9923930168151855
1.063477873802185
1.0072510242462158
