0.11699999868869781
0.04899999871850014
0.024000000208616257
0.0430000014603138
0.04800000041723251
0.05299999937415123
0.052000001072883606
0.05700000002980232
0.057999998331069946
0.05700000002980232
0.052000001072883606
0.06800000369548798
0.05700000002980232
0.06199999898672104
0.06700000166893005
0.0689999982714653
0.06199999898672104
0.05900000035762787
0.0689999982714653
0.06400000303983688
0.06400000303983688
0.05400000140070915
0.050999999046325684
0.057999998331069946
0.06599999964237213
0.061000000685453415
0.05900000035762787
0.06800000369548798
0.05900000035762787
0.04600000008940697
0.04600000008940697
0.06800000369548798
0.06400000303983688
0.08299999684095383
0.06499999761581421
0.07100000232458115
0.06599999964237213
0.054999999701976776
0.06199999898672104
0.07500000298023224
0.061000000685453415
0.05700000002980232
0.07400000095367432
0.06800000369548798
0.07800000160932541
0.06400000303983688
0.06400000303983688
0.06300000101327896
0.08399999886751175
0.09200000017881393
0.057999998331069946
0.07500000298023224
0.06700000166893005
0.08299999684095383
0.07000000029802322
0.07599999755620956
0.06599999964237213
0.0560000017285347
0.07999999821186066
0.06499999761581421
0.0820000022649765
0.07699999958276749
0.07800000160932541
0.07800000160932541
0.06800000369548798
0.08100000023841858
0.0729999989271164
0.08399999886751175
0.08699999749660492
0.07000000029802322
0.07699999958276749
0.07199999690055847
0.0820000022649765
0.07100000232458115
0.0949999988079071
0.08399999886751175
0.08699999749660492
0.06800000369548798
0.08299999684095383
0.1080000028014183
0.0860000029206276
0.10599999874830246
0.09200000017881393
0.09000000357627869
0.07400000095367432
0.08699999749660492
0.08399999886751175
0.07599999755620956
0.10400000214576721
0.09200000017881393
0.09600000083446503
0.08500000089406967
0.10999999940395355
0.09799999743700027
0.09799999743700027
0.09000000357627869
0.09799999743700027
0.10100000351667404
0.10700000077486038
0.10599999874830246
0.10100000351667404
0.10899999737739563
0.09799999743700027
0.09399999678134918
0.10400000214576721
0.10400000214576721
0.10100000351667404
0.10899999737739563
0.11100000143051147
0.1080000028014183
0.11999999731779099
0.11699999868869781
0.11100000143051147
0.11999999731779099
0.11100000143051147
0.11299999803304672
0.125
0.13099999725818634
0.13600000739097595
0.12200000137090683
0.1459999978542328
0.1420000046491623
0.1289999932050705
0.13500000536441803
0.12800000607967377
0.12399999797344208
0.13199999928474426
0.1340000033378601
0.13500000536441803
0.13699999451637268
0.1420000046491623
0.12999999523162842
0.14100000262260437
0.1420000046491623
0.1469999998807907
0.14000000059604645
0.14300000667572021
0.15199999511241913
0.15199999511241913
0.1459999978542328
0.14499999582767487
0.15199999511241913
0.1589999943971634
0.1550000011920929
0.1459999978542328
0.15199999511241913
0.15800000727176666
0.16500000655651093
0.17100000381469727
0.16500000655651093
0.16500000655651093
0.16300000250339508
0.16899999976158142
0.15000000596046448
0.15700000524520874
0.16300000250339508
0.18199999630451202
0.18400000035762787
0.17000000178813934
0.1599999964237213
0.1809999942779541
0.18199999630451202
0.1899999976158142
0.17599999904632568
0.1850000023841858
0.18400000035762787
0.20200000703334808
0.18700000643730164
0.21299999952316284
0.2029999941587448
0.1899999976158142
0.1940000057220459
0.19699999690055847
0.210999995470047
0.20200000703334808
0.20100000500679016
0.19200000166893005
0.2329999953508377
0.20999999344348907
0.20600000023841858
0.2070000022649765
0.22100000083446503
0.20900000631809235
0.20999999344348907
0.22499999403953552
0.20800000429153442
0.20399999618530273
0.22200000286102295
0.22599999606609344
0.20600000023841858
0.2290000021457672
0.2199999988079071
0.2280000001192093
0.23100000619888306
0.2290000021457672
0.2460000067949295
0.24199999868869781
0.23399999737739563
0.24199999868869781
0.2409999966621399
0.2240000069141388
0.29499998688697815
0.24300000071525574
0.27000001072883606
0.24300000071525574
0.23999999463558197
0.24300000071525574
0.24799999594688416
0.23800000548362732
0.24199999868869781
0.2709999978542328
0.2409999966621399
0.25999999046325684
0.2639999985694885
0.27000001072883606
0.25
0.2800000011920929
0.2680000066757202
0.25200000405311584
0.26899999380111694
0.2809999883174896
0.27000001072883606
0.2800000011920929
0.26899999380111694
0.25600001215934753
0.2540000081062317
0.289000004529953
0.27900001406669617
0.2849999964237213
0.2590000033378601
0.2750000059604645
0.2930000126361847
0.27399998903274536
0.26899999380111694
0.30000001192092896
0.2939999997615814
0.3050000071525574
0.26899999380111694
0.289000004529953
0.27000001072883606
0.3100000023841858
0.30799999833106995
0.3059999942779541
0.28700000047683716
0.30300000309944153
0.3330000042915344
0.2930000126361847
0.289000004529953
0.3009999990463257
0.3089999854564667
0.33000001311302185
0.3100000023841858
0.33799999952316284
0.33000001311302185
0.3319999873638153
0.3100000023841858
0.30399999022483826
0.3190000057220459
0.32600000500679016
0.30799999833106995
0.3529999852180481
0.3240000009536743
0.31299999356269836
0.32899999618530273
0.3179999887943268
0.3070000112056732
0.33799999952316284
0.32100000977516174
0.3140000104904175
0.3160000145435333
0.31299999356269836
0.3240000009536743
0.3269999921321869
0.335999995470047
0.31200000643730164
0.35100001096725464
0.29600000381469727
0.31200000643730164
0.32199999690055847
0.3050000071525574
0.33399999141693115
0.34200000762939453
0.3230000138282776
0.3619999885559082
0.367000013589859
0.35199999809265137
0.375
0.3400000035762787
0.3540000021457672
0.3330000042915344
0.3580000102519989
0.3490000069141388
0.3630000054836273
0.3529999852180481
0.3630000054836273
0.335999995470047
0.36000001430511475
0.3499999940395355
0.3610000014305115
0.35899999737739563
0.35899999737739563
0.3580000102519989
0.3889999985694885
0.39800000190734863
0.36800000071525574
0.37400001287460327
0.38999998569488525
0.38100001215934753
0.4099999964237213
0.382999986410141
0.4059999883174896
0.39399999380111694
0.39899998903274536
0.37400001287460327
0.4020000100135803
0.3959999978542328
0.4180000126361847
0.3790000081062317
0.4090000092983246
0.42399999499320984
0.4169999957084656
0.41200000047683716
0.40799999237060547
0.40799999237060547
0.40700000524520874
0.4169999957084656
0.41600000858306885
0.3970000147819519
0.4180000126361847
0.42100000381469727
0.4099999964237213
0.40799999237060547
0.4320000112056732
0.4410000145435333
0.4519999921321869
0.43700000643730164
0.4440000057220459
0.4480000138282776
0.4320000112056732
0.4560000002384186
0.4390000104904175
0.453000009059906
0.4440000057220459
0.4440000057220459
0.4320000112056732
0.4749999940395355
0.4620000123977661
0.44999998807907104
0.44200000166893005
0.4480000138282776
0.4490000009536743
0.4399999976158142
0.48399999737739563
0.492000013589859
0.4410000145435333
0.47699999809265137
0.4650000035762787
0.4519999921321869
0.4779999852180481
0.43799999356269836
0.4729999899864197
0.460999995470047
0.47699999809265137
0.4490000009536743
0.44699999690055847
0.4779999852180481
0.4749999940395355
0.46299999952316284
0.4880000054836273
0.48500001430511475
0.492000013589859
0.5270000100135803
0.5
0.4740000069141388
0.48500001430511475
0.4970000088214874
0.49799999594688416
0.49900001287460327
0.49799999594688416
0.5
0.515999972820282
0.48399999737739563
0.5070000290870667
0.4950000047683716
0.5109999775886536
0.49000000953674316
0.5419999957084656
0.4959999918937683
0.5059999823570251
0.5080000162124634
0.48899999260902405
0.49900001287460327
0.48500001430511475
0.5
0.5040000081062317
0.5210000276565552
0.5109999775886536
0.5149999856948853
0.5320000052452087
0.5370000004768372
0.5189999938011169
0.5289999842643738
0.5299999713897705
0.5389999747276306
0.5289999842643738
0.5149999856948853
0.5130000114440918
0.5460000038146973
0.5260000228881836
0.5479999780654907
0.5120000243186951
0.5440000295639038
0.5569999814033508
0.550000011920929
0.5479999780654907
0.5410000085830688
0.5339999794960022
0.5509999990463257
0.5419999957084656
0.5659999847412109
0.546999990940094
0.5419999957084656
0.546999990940094
0.5490000247955322
0.5379999876022339
0.5299999713897705
0.5559999942779541
0.5540000200271606
0.5590000152587891
0.5630000233650208
0.5740000009536743
0.5659999847412109
0.5329999923706055
0.546999990940094
0.5699999928474426
0.5580000281333923
0.5649999976158142
0.5400000214576721
0.5979999899864197
0.5630000233650208
0.546999990940094
0.5759999752044678
0.5619999766349792
0.5860000252723694
0.5519999861717224
0.5609999895095825
0.5550000071525574
0.5609999895095825
0.6110000014305115
0.5550000071525574
0.5789999961853027
0.5730000138282776
0.6079999804496765
0.5889999866485596
0.5759999752044678
0.5339999794960022
0.5580000281333923
0.5929999947547913
0.5860000252723694
0.5799999833106995
0.5889999866485596
0.5920000076293945
0.5580000281333923
0.597000002861023
0.5830000042915344
0.593999981880188
0.6079999804496765
0.5680000185966492
0.5860000252723694
0.6060000061988831
0.5770000219345093
0.609000027179718
0.5910000205039978
0.5889999866485596
0.6019999980926514
0.5870000123977661
0.5979999899864197
0.5960000157356262
0.640999972820282
0.5839999914169312
0.5879999995231628
0.5960000157356262
0.5860000252723694
0.6019999980926514
0.6129999756813049
0.6299999952316284
0.6209999918937683
0.6420000195503235
0.6359999775886536
0.6019999980926514
0.6399999856948853
0.625
0.6370000243186951
0.6230000257492065
0.6470000147819519
0.6340000033378601
0.6340000033378601
0.625
0.6340000033378601
0.6209999918937683
0.6380000114440918
0.6439999938011169
0.6430000066757202
0.6359999775886536
0.6460000276565552
0.6349999904632568
0.6539999842643738
0.656000018119812
0.6389999985694885
0.6290000081062317
0.6200000047683716
0.6259999871253967
0.6420000195503235
0.6420000195503235
0.6600000262260437
0.6399999856948853
0.640999972820282
0.6269999742507935
0.6470000147819519
0.6570000052452087
0.6499999761581421
0.6470000147819519
0.6240000128746033
0.6679999828338623
0.6320000290870667
0.6449999809265137
0.6809999942779541
0.6520000100135803
0.6620000004768372
0.6309999823570251
0.625
0.6570000052452087
0.6430000066757202
0.6480000019073486
0.6499999761581421
0.6389999985694885
0.6600000262260437
0.6470000147819519
0.6150000095367432
0.6230000257492065
0.6679999828338623
0.6340000033378601
0.6620000004768372
0.6679999828338623
0.6499999761581421
0.6489999890327454
0.6449999809265137
0.640999972820282
0.6660000085830688
0.6610000133514404
0.6660000085830688
0.6570000052452087
0.6759999990463257
0.6449999809265137
0.6520000100135803
0.6669999957084656
0.6370000243186951
0.6710000038146973
0.6549999713897705
0.6669999957084656
0.6679999828338623
0.6690000295639038
0.6759999990463257
0.6470000147819519
0.6470000147819519
0.6549999713897705
0.6679999828338623
0.6710000038146973
0.6480000019073486
0.6520000100135803
0.6480000019073486
0.6570000052452087
0.6679999828338623
0.6489999890327454
0.6759999990463257
0.6589999794960022
0.6859999895095825
0.6579999923706055
0.6539999842643738
0.6589999794960022
0.6610000133514404
0.6330000162124634
0.671999990940094
0.6480000019073486
0.6589999794960022
0.6340000033378601
0.6660000085830688
0.6620000004768372
0.6480000019073486
0.6690000295639038
0.6899999976158142
0.6589999794960022
0.6449999809265137
0.6439999938011169
0.6359999775886536
0.6790000200271606
0.6539999842643738
0.6759999990463257
0.6330000162124634
0.6549999713897705
0.6330000162124634
0.6620000004768372
0.6790000200271606
0.6790000200271606
0.652999997138977
0.671999990940094
0.671999990940094
0.6740000247955322
0.6790000200271606
0.6859999895095825
0.6710000038146973
0.6539999842643738
0.6510000228881836
0.6539999842643738
0.6650000214576721
0.6499999761581421
0.6579999923706055
0.6710000038146973
0.6669999957084656
0.6309999823570251
0.6690000295639038
0.6600000262260437
0.6850000023841858
0.652999997138977
0.6549999713897705
0.6809999942779541
0.6940000057220459
0.6690000295639038
0.6779999732971191
0.6710000038146973
0.6570000052452087
0.656000018119812
0.6669999957084656
0.6679999828338623
0.6620000004768372
0.6570000052452087
0.6639999747276306
0.6610000133514404
0.6539999842643738
0.6819999814033508
0.6690000295639038
0.675000011920929
0.6769999861717224
0.6890000104904175
0.6859999895095825
0.6830000281333923
0.6710000038146973
0.6990000009536743
0.6809999942779541
0.675000011920929
0.6809999942779541
0.6620000004768372
0.6669999957084656
0.6830000281333923
0.6949999928474426
0.6940000057220459
0.6959999799728394
0.6629999876022339
0.6650000214576721
0.6740000247955322
0.6620000004768372
0.6660000085830688
0.6869999766349792
0.6589999794960022
0.6930000185966492
0.6740000247955322
0.6850000023841858
0.6679999828338623
0.6819999814033508
0.6650000214576721
0.6840000152587891
0.6830000281333923
0.7039999961853027
0.6830000281333923
0.6769999861717224
0.7020000219345093
0.6740000247955322
0.6729999780654907
0.6660000085830688
0.6790000200271606
0.7039999961853027
0.6850000023841858
0.6769999861717224
0.6880000233650208
0.6790000200271606
0.6800000071525574
0.6930000185966492
0.7009999752044678
0.6800000071525574
0.6859999895095825
0.6880000233650208
0.6919999718666077
0.6790000200271606
0.6800000071525574
0.6980000138282776
0.6909999847412109
0.6919999718666077
0.6800000071525574
0.6970000267028809
0.6809999942779541
0.6830000281333923
0.6769999861717224
0.6930000185966492
0.6650000214576721
0.6700000166893005
0.6639999747276306
0.6919999718666077
0.6899999976158142
0.6840000152587891
0.6819999814033508
0.6959999799728394
0.7229999899864197
0.6959999799728394
0.6940000057220459
0.6940000057220459
0.6769999861717224
0.6869999766349792
0.7070000171661377
0.7099999785423279
0.6990000009536743
0.6919999718666077
0.6740000247955322
0.6700000166893005
0.6869999766349792
0.6890000104904175
0.6850000023841858
0.7039999961853027
0.6890000104904175
0.7149999737739563
0.6919999718666077
0.6940000057220459
0.7110000252723694
0.7110000252723694
0.7070000171661377
0.7070000171661377
0.6919999718666077
0.6940000057220459
0.6949999928474426
0.6899999976158142
0.699999988079071
0.703000009059906
0.7070000171661377
0.6959999799728394
0.699999988079071
0.6740000247955322
0.7110000252723694
0.7110000252723694
0.7139999866485596
0.7009999752044678
0.6940000057220459
0.6980000138282776
0.6930000185966492
0.7120000123977661
0.7089999914169312
0.7070000171661377
0.7120000123977661
0.7229999899864197
0.6899999976158142
0.6830000281333923
0.7289999723434448
0.7110000252723694
0.7059999704360962
0.6840000152587891
0.7070000171661377
0.6890000104904175
0.7049999833106995
0.699999988079071
0.7080000042915344
0.6790000200271606
0.6859999895095825
0.7160000205039978
0.6919999718666077
0.699999988079071
0.7139999866485596
0.7070000171661377
0.7210000157356262
0.7149999737739563
0.7120000123977661
0.699999988079071
0.7210000157356262
0.7129999995231628
0.7160000205039978
0.7129999995231628
0.7039999961853027
0.7229999899864197
0.6909999847412109
0.7080000042915344
0.7049999833106995
0.703000009059906
0.7120000123977661
0.7149999737739563
0.7099999785423279
0.699999988079071
0.7020000219345093
0.7120000123977661
0.703000009059906
0.7059999704360962
0.7279999852180481
0.6919999718666077
0.7250000238418579
0.6930000185966492
0.7059999704360962
0.6859999895095825
0.7289999723434448
0.699999988079071
0.6990000009536743
0.7059999704360962
0.722000002861023
0.718999981880188
0.6660000085830688
0.7379999756813049
0.7329999804496765
0.7160000205039978
0.7310000061988831
0.7020000219345093
0.7170000076293945
0.7350000143051147
0.6930000185966492
0.7009999752044678
0.7149999737739563
0.7210000157356262
0.7200000286102295
0.7129999995231628
0.703000009059906
0.7160000205039978
0.7170000076293945
0.7250000238418579
0.7089999914169312
0.7459999918937683
0.7160000205039978
0.7089999914169312
0.6869999766349792
0.722000002861023
0.7110000252723694
0.6980000138282776
0.7149999737739563
0.6990000009536743
0.7129999995231628
0.722000002861023
0.6940000057220459
0.7179999947547913
0.7089999914169312
0.7049999833106995
0.7400000095367432
0.7009999752044678
0.703000009059906
0.7059999704360962
0.7429999709129333
0.6940000057220459
0.7250000238418579
0.7210000157356262
0.722000002861023
0.7229999899864197
0.718999981880188
0.7480000257492065
0.7179999947547913
0.7369999885559082
0.7300000190734863
0.734000027179718
0.718999981880188
0.7480000257492065
0.7149999737739563
0.6869999766349792
0.7269999980926514
0.7059999704360962
0.722000002861023
0.7260000109672546
0.7289999723434448
0.6940000057220459
0.7239999771118164
0.722000002861023
0.7400000095367432
0.7300000190734863
0.7279999852180481
0.7289999723434448
0.7379999756813049
0.7210000157356262
0.7250000238418579
0.7319999933242798
0.722000002861023
0.7289999723434448
0.7329999804496765
0.7250000238418579
0.7429999709129333
0.7129999995231628
0.7229999899864197
0.7429999709129333
0.7379999756813049
0.7409999966621399
0.7369999885559082
0.7289999723434448
0.7360000014305115
0.7350000143051147
0.7300000190734863
0.7400000095367432
0.7369999885559082
0.7210000157356262
0.746999979019165
0.7300000190734863
0.7360000014305115
0.7310000061988831
0.7350000143051147
0.7120000123977661
0.734000027179718
0.7429999709129333
0.7149999737739563
0.7540000081062317
0.7300000190734863
0.7310000061988831
0.746999979019165
0.7329999804496765
0.7310000061988831
0.7279999852180481
0.7459999918937683
0.7329999804496765
0.7059999704360962
0.7329999804496765
0.7289999723434448
0.7490000128746033
0.7379999756813049
0.7390000224113464
0.7379999756813049
0.7350000143051147
0.7210000157356262
0.7329999804496765
0.7379999756813049
0.7580000162124634
0.7390000224113464
0.7009999752044678
0.7419999837875366
0.7509999871253967
0.7160000205039978
0.7649999856948853
0.7379999756813049
0.7310000061988831
0.7239999771118164
0.7139999866485596
0.7369999885559082
0.7540000081062317
0.75
0.7310000061988831
0.7360000014305115
0.7559999823570251
0.7570000290870667
0.7519999742507935
0.7429999709129333
0.7480000257492065
0.7390000224113464
0.753000020980835
0.7239999771118164
0.7329999804496765
0.7210000157356262
0.7400000095367432
0.746999979019165
0.7580000162124634
0.7649999856948853
0.7250000238418579
0.7480000257492065
0.7459999918937683
0.7329999804496765
0.7310000061988831
0.7390000224113464
0.734000027179718
0.7419999837875366
0.7429999709129333
0.746999979019165
0.746999979019165
0.7459999918937683
0.7630000114440918
0.7720000147819519
0.7409999966621399
0.7549999952316284
0.7519999742507935
0.7559999823570251
0.7419999837875366
0.7590000033378601
0.7649999856948853
0.7419999837875366
0.7400000095367432
0.7680000066757202
0.746999979019165
0.7540000081062317
0.7580000162124634
0.7390000224113464
0.7649999856948853
0.7480000257492065
0.7490000128746033
0.7490000128746033
0.7559999823570251
0.7480000257492065
0.7549999952316284
0.7509999871253967
0.7429999709129333
0.7599999904632568
0.781000018119812
0.7590000033378601
0.7490000128746033
0.7480000257492065
0.7519999742507935
0.7789999842643738
0.7630000114440918
0.7559999823570251
0.75
0.7269999980926514
0.7599999904632568
0.7269999980926514
0.7519999742507935
0.7459999918937683
0.7670000195503235
0.7419999837875366
0.7350000143051147
0.7540000081062317
0.7680000066757202
0.765999972820282
0.7260000109672546
0.7490000128746033
0.753000020980835
0.7540000081062317
0.7609999775886536
0.7630000114440918
0.7279999852180481
0.7680000066757202
0.7649999856948853
0.7599999904632568
0.7429999709129333
0.7680000066757202
0.7450000047683716
0.7559999823570251
0.7850000262260437
0.75
0.7519999742507935
0.7789999842643738
0.7419999837875366
0.7710000276565552
0.765999972820282
0.7409999966621399
0.7419999837875366
0.7609999775886536
0.7450000047683716
0.7590000033378601
0.7300000190734863
0.7609999775886536
0.7509999871253967
0.7549999952316284
0.765999972820282
0.7429999709129333
0.7590000033378601
0.7570000290870667
0.7710000276565552
0.781000018119812
0.7689999938011169
0.7599999904632568
0.7509999871253967
0.7710000276565552
0.7680000066757202
0.753000020980835
0.7440000176429749
0.7590000033378601
0.7630000114440918
0.7590000033378601
0.746999979019165
0.7639999985694885
0.7480000257492065
0.7590000033378601
0.7599999904632568
0.75
0.7440000176429749
0.765999972820282
0.7440000176429749
0.7749999761581421
0.734000027179718
0.7670000195503235
0.75
0.7319999933242798
0.7459999918937683
0.75
0.7599999904632568
0.7519999742507935
0.7710000276565552
0.7649999856948853
0.7540000081062317
0.7559999823570251
0.7459999918937683
0.7549999952316284
0.753000020980835
0.746999979019165
0.7329999804496765
0.7490000128746033
0.7480000257492065
0.7490000128746033
0.765999972820282
0.7549999952316284
0.7649999856948853
0.7519999742507935
0.7490000128746033
0.7580000162124634
0.75
0.7730000019073486
0.7549999952316284
0.7620000243186951
0.7590000033378601
0.7689999938011169
0.7519999742507935
0.7680000066757202
0.7590000033378601
0.7710000276565552
0.7519999742507935
0.753000020980835
0.7540000081062317
0.7540000081062317
0.7540000081062317
0.7549999952316284
0.7699999809265137
0.7459999918937683
0.7440000176429749
0.7580000162124634
0.7549999952316284
0.75
0.7870000004768372
0.7519999742507935
0.7630000114440918
0.7580000162124634
0.7609999775886536
0.7570000290870667
0.7609999775886536
0.765999972820282
0.7549999952316284
0.7390000224113464
0.7609999775886536
0.7400000095367432
0.753000020980835
0.7599999904632568
0.7580000162124634
0.7369999885559082
0.7680000066757202
0.7639999985694885
0.777999997138977
0.7620000243186951
0.753000020980835
0.7559999823570251
0.7680000066757202
0.7799999713897705
0.7480000257492065
0.7580000162124634
0.7590000033378601
0.7599999904632568
0.7490000128746033
0.7509999871253967
0.7749999761581421
0.777999997138977
0.7689999938011169
0.753000020980835
0.7549999952316284
0.7789999842643738
0.7590000033378601
0.7680000066757202
0.7540000081062317
0.7429999709129333
0.7580000162124634
0.7490000128746033
0.7390000224113464
0.7490000128746033
0.7699999809265137
0.8029999732971191
0.7580000162124634
0.753000020980835
0.7710000276565552
0.7440000176429749
0.7720000147819519
0.7429999709129333
0.7680000066757202
0.7509999871253967
0.7620000243186951
0.7559999823570251
0.7440000176429749
0.7590000033378601
0.7639999985694885
0.7549999952316284
0.7820000052452087
0.7540000081062317
0.765999972820282
0.7369999885559082
0.7599999904632568
0.7749999761581421
0.7820000052452087
0.7839999794960022
0.7639999985694885
0.75
0.7670000195503235
0.7850000262260437
0.753000020980835
0.7649999856948853
0.7760000228881836
0.753000020980835
0.7699999809265137
0.7649999856948853
0.7570000290870667
0.7829999923706055
0.7590000033378601
0.7730000019073486
0.7620000243186951
0.7699999809265137
0.7509999871253967
0.7509999871253967
0.7689999938011169
0.7670000195503235
0.7580000162124634
0.7549999952316284
0.7559999823570251
0.7599999904632568
0.7490000128746033
0.7609999775886536
0.746999979019165
0.7459999918937683
0.7549999952316284
0.777999997138977
0.7609999775886536
0.7910000085830688
0.7379999756813049
0.753000020980835
0.765999972820282
0.765999972820282
0.7639999985694885
0.7409999966621399
0.7590000033378601
0.7630000114440918
0.7289999723434448
0.7680000066757202
0.7760000228881836
0.7649999856948853
0.7829999923706055
0.7789999842643738
0.7670000195503235
0.7630000114440918
0.7649999856948853
0.7699999809265137
0.7570000290870667
0.7720000147819519
0.7519999742507935
0.7540000081062317
0.7580000162124634
0.7570000290870667
0.7440000176429749
0.7409999966621399
0.7919999957084656
0.781000018119812
0.753000020980835
0.7419999837875366
0.7710000276565552
0.7699999809265137
0.7680000066757202
0.7419999837875366
0.7580000162124634
0.7670000195503235
0.753000020980835
0.7680000066757202
0.7670000195503235
0.7680000066757202
0.7889999747276306
0.7710000276565552
0.7789999842643738
0.75
0.7599999904632568
0.7490000128746033
0.7540000081062317
0.7760000228881836
0.7570000290870667
0.7639999985694885
0.7540000081062317
0.7699999809265137
0.7720000147819519
0.7699999809265137
0.7730000019073486
0.7739999890327454
0.7630000114440918
0.7799999713897705
0.7609999775886536
0.75
0.746999979019165
0.7599999904632568
